0 0.8451735402095701 0.6903718898402278 0.14011698165323558 0.182059041958086

0 0.4880751542781672 0.43542687724900003 0.0677238311856975 0.09257838544042354

0 0.1846683531466991 0.4856279069104459 0.0724022408266178 0.09104315651766245

0 0.9216189073032293 0.44149805260440605 0.0787795058537327 0.1129545179539809

0 0.21021221204893478 0.7948438256265525 0.1244283491396783 0.1710306383672897

0 0.840991596900183 0.33493950127654626 0.05347952400410492 0.06124657220870704

0 0.2607904916121847 0.42659327449508433 0.032967036104353475 0.026753397540672096

0 0.2474410639190876 0.43838929254726117 0.0722295240041051 0.06135565651766246