0 0.8568736387650864 0.7052523979889577 0.1175885840229082 0.1714412017473613

0 0.51135895472627 0.42727940045749957 0.05724997334499946 0.08724673328249999

0 0.20232030939686071 0.46338643351124986 0.06033861067790856 0.08419446846486114

0 0.9477691693984515 0.45775784251812424 0.06371814934754454 0.1061422036472223

0 0.21144350743949508 0.7773216469421179 0.10183631468808993 0.16014002583555573

0 0.8722322727164068 0.34620405309920066 0.04593066534054522 0.05417966014423623

0 0.28215271272277015 0.4068260025654512 0.02994203866963625 0.022565984232430482

0 0.2682356633911337 0.41965331088607616 0.06620680267345422 0.05152743882958344