0 0.7112035434310433 0.8478248088424329 0.1501478246740408 0.19006371266133187

0 0.5048361355549545 0.4480082207757115 0.0735386858759707 0.09656708279171564

0 0.20643163758354938 0.3513654512972463 0.07663641233702041 0.0950591298696164

0 0.8950678490303605 0.6564436525911972 0.08483074188232535 0.11707049756436802

0 0.08798205195245992 0.6454818697233466 0.13430463636243808 0.1772909772718286

0 0.8700559866106147 0.5223726156595662 0.057340941558013725 0.06348184740221222

0 0.3028663068204286 0.3335115239426921 0.034865923701106104 0.028725017856907443

0 0.2848157362035776 0.3378853782447632 0.07452844155801355 0.06378185633066602